0.337249
0.337249
0.337249
0.337249
0.337249
0.337249
0.337249
0.337249
0.337249
0.337249
0.337249
0.337249
0.337249
0.337249
0.337249
0.337249
0.337249
0.337249
0.337249
0.337249
0.337249
0.337249
0.337249
0.337249
0.337249
0.337249
0.337249
0.337249
0.337249
0.337249
0.337249
0.337249
0.337249
0.337249
0.337249
0.337249
0.337249
0.337249
0.337249
0.319471
0.35476
0.337248
0.337248
0.337248
0.337248
0.337248
0.337248
0.31947
0.354759
0.337247
0.337247
0.337247
0.319469
0.354758
0.337246
0.319468
0.354757
0.319467
0.354756
0.319466
0.354755
0.319465
0.336976
0.354753
0.319463
0.336974
0.336973
0.336972
0.336971
0.33697
0.336969
0.319191
0.354478
0.336965
0.319187
0.336697
0.336695
0.336693
0.336691
0.336689
0.336687
0.318907
0.354194
0.318902
0.336411
0.31863
0.353916
0.318623
0.353909
0.318616
0.318347
0.353631
0.318338
0.335845
0.33584
0.318057
0.353341
0.300268
0.353063
0.317767
0.335272
0.317488
0.352769
0.299695
0.352488
0.299412
0.352204
0.316905
0.31663
0.334131
0.33412
0.316331
0.316053
0.333552
0.315762
0.33326
0.315468
0.315187
0.332683
0.31489
0.314607
0.332101
0.296527
0.331532
0.313734
0.313447
0.31316
0.330649
0.29507
0.330069
0.294489
0.311708
0.311415
0.328898
0.275535
0.32804
0.31023
0.292153
0.309365
0.309063
0.290983
0.30819
0.290107
0.307311
0.289225
0.306426
0.288337
0.287757
0.287176
0.304371
0.286274
0.285688
0.285099
0.284509
0.283917
0.283322
0.282726
0.282128
0.281527
0.263147
0.297832
0.244158
0.29635
0.260448
0.277346
0.27673
0.258334
0.257447
0.274334
0.25593
0.272813
0.254404
0.253504
0.252601
0.269473
0.251053
0.250142
0.249228
0.248311
0.247391
0.264245
0.228031
0.244614
0.243682
0.242747
0.241809
0.22309
0.257435
0.221198
0.237759
0.219027
0.253359
0.199331
0.251168
0.214912
0.231453
0.212701
0.229235
0.210476
0.227003
0.208238
0.224758
0.205985
0.20472
0.221229
0.202446
0.218948
0.200157
0.198874
0.215365
0.178786
0.230559
0.17646
0.210448
0.191632
0.190323
0.206788
0.18796
0.186641
0.185317
0.201767
0.165146
0.216878
0.162739
0.178908
0.195339
0.176478
0.175124
0.191544
0.154893
0.188818
0.187715
0.151053
0.184966
0.166075
0.164691
0.181081
0.162178
0.160784
0.159385
0.17576
0.156842
0.17321
0.154286
0.152869
0.169226
0.15029
0.148863
0.165209
0.146262
0.162601
0.143647
0.142202
0.15853
0.157343
0.138375
0.136915
0.153229
0.152028
0.133047
0.131573
0.165651
0.111369
0.145174
0.143952
0.142727
0.123722
0.122224
0.156278
0.101972
0.153531
0.116996
0.115482
0.149518
0.0951958
0.146738
0.110186
0.126432
0.107385
0.123624
0.104571
0.120803
0.11952
0.0826781
0.134189
0.0976062
0.113821
0.0947436
0.110952
0.0918669
0.0902902
0.106487
0.105169
0.0682928
0.101991
0.0828842
0.0990633
0.0621718
0.095855
0.0767332
0.0751196
0.0735019
0.0718802
0.0702546
0.0508471
0.0845023
0.0475748
0.0456664
0.0615309
0.0598792
0.0404458
0.0385194
0.0543659
0.0349184
0.0329781
0.0310328
0.0113047
0.0446382
0.0251658
0.0232004
0.00345233
0.0367659
-0.0182821
0.0325326
-0.00474867
-0.00701167
0.00849711
-0.011289
0.00420878
-0.0155883
-0.0178793
-0.0201763
-0.00470156
-0.0422994
-0.00932456
-0.0469344
-0.0139716
-0.0338157
-0.0539314
-0.0387643
-0.0411153
-0.0434723
-0.0458353
-0.0482043
-0.0683571
-0.053227
-0.055615
-0.0757868
-0.0606757
-0.0630827
-0.0832734
-0.0681813
-0.0883851
-0.073306
-0.075745
-0.07819
-0.0984188
-0.101142
-0.0683176
-0.123855
-0.0735312
-0.111304
-0.11406
-0.0990447
-0.0837699
-0.139346
-0.0890596
-0.12687
-0.111886
-0.11442
-0.134738
-0.101995
-0.139837
-0.124884
-0.127449
-0.13002
-0.114819
-0.152691
-0.137768
-0.122585
-0.160475
-0.110014
-0.165427
-0.132756
-0.170668
-0.120231
-0.140111
-0.17804
-0.127618
-0.165293
-0.150171
-0.152566
-0.154967
-0.157372
-0.159782
-0.162198
-0.14684
-0.184554
-0.133917
-0.189152
-0.156302
-0.158479
-0.160661
-0.162847
-0.182814
-0.149719
-0.187207
-0.154119
-0.173837
-0.158269
-0.177994
-0.162433
-0.182164
-0.16661
-0.168571
-0.170535
-0.172502
-0.174472
-0.158668
-0.178155
-0.180133
-0.164336
-0.148275
-0.203061
-0.151982
-0.171217
-0.172943
-0.17467
-0.158621
-0.177864
-0.161818
-0.181064
-0.147244
-0.184003
-0.167963
-0.151658
-0.170642
-0.154338
-0.173324
-0.174799
-0.158497
-0.141929
-0.178428
-0.144348
-0.180847
-0.146767
-0.165488
-0.148919
-0.149862
-0.150803
-0.169521
-0.135171
-0.153622
-0.172337
-0.120207
-0.173943
-0.12181
-0.157765
-0.140918
-0.14158
-0.142241
-0.1429
-0.143556
-0.126433
-0.144597
-0.127469
-0.145628
-0.128495
-0.128871
-0.111466
-0.164903
-0.0946908
-0.147856
-0.112927
-0.113018
-0.130883
-0.131233
-0.0960248
-0.131391
-0.0961744
-0.131533
-0.0963081
-0.113881
-0.113937
-0.0962114
-0.131549
-0.0785253
-0.0958101
-0.113356
-0.0956071
-0.113144
-0.0776083
-0.0948691
-0.0946128
-0.0943514
-0.0763073
-0.0935471
-0.0932698
-0.0752097
-0.0924334
-0.0565846
-0.109086
-0.0557142
-0.0904271
-0.072333
-0.0539672
-0.10644
-0.0352611
-0.0874561
-0.069332
-0.0331584
-0.0853344
-0.0671913
-0.0487766
-0.0656447
-0.0472169
-0.064072
-0.0456312
-0.0446956
-0.0615307
-0.0430699
-0.0421142
-0.0589293
-0.0404486
-0.0394729
-0.0384902
-0.0375006
-0.0365039
-0.0355002
-0.0344896
-0.0512497
-0.0149361
-0.0136388
-0.047889
-0.0115534
-0.0280119
-0.044729
0.00940533
-0.042321
-0.0237272
-0.00486078
-0.0212762
-0.00239478
-0.0187952
-0.0176766
0.00122689
-0.0151516
0.00376689
-0.0125966
-0.0114409
0.00749956
-0.00884189
0.0101136
-0.00621289
-0.0583536
0.0487128
0.0151609
-0.0366921
0.0351073
-0.0520216
0.037303
0.0212982
-0.0305198
-0.0297964
0.0242652
0.0435763
-0.0968379
0.116179
-0.058714
-0.00514967
0.0136621
-0.002809
-0.0373176
0.052091
0.0183924
-0.051386
0.0199981
0.0391186
-0.0125984
-0.0295519
0.00656633
0.0254441
-0.00873878
-0.0256702
0.0815811
-0.0584524
0.012724
-0.0216976
0.0500202
-0.00163578
-0.0185282
0.0709843
-0.0870547
0.0547376
-0.0146702
0.02153
-0.0306213
0.0231
0.024291
-0.0456231
0.0611799
-0.00819289
-0.00751322
0.0109482
0.0119026
-0.00491589
-0.00421822
0.0675946
-0.0550776
-0.00183056
0.0166619
0.0532028
-0.0519402
0.00132378
0.0198332
0.0741689
-0.066246
0.0401027
-0.0297264
0.041606
-0.0637707
0.0959253
-0.00864533
-0.0436959
0.0451677
-0.0246344
0.046725
-0.00529133
0.0307872
-0.0392646
0.0140664
0.0326429
-0.00184333
0.052031
-0.0710694
0.0350806
0.0539407
-0.0691498
0.108121
-0.120831
0.108982
-0.0488543
0.0398076
0.0231361
-0.0115748
0.00651833
-0.0106754
0.00742267
0.061345
-0.0439297
0.0447572
0.0281108
-0.0421307
-0.00676811
0.0469056
0.0302701
-0.0399603
0.0487466
-0.00343544
0.0324764
-0.0199652
-0.0198696
0.0335604
0.0522359
-0.0177069
0.000177556
0.0183297
0.00119489
0.0371298
0.00248889
-0.0326813
0.0738393
-0.0313733
0.00404222
0.0399911
-0.0124136
0.00549689
0.0414528
-0.0465004
0.0953281
-0.0629332
0.0608569
-0.0268217
0.0263937
-0.00847989
0.0627829
-0.07822
0.080871
0.0290257
-0.0413914
0.0115722
0.0475571
0.0129662
-0.00437622
0.0135722
-0.00376722
0.0141842
-0.00315222
0.0859133
-0.0725757
0.0687636
-0.0366558
0.0518854
-0.0537966
0.0878143
-0.0528879
0.0709492
-0.0344601
0.0540911
-0.0515809
0.09004
-0.0506522
0.0198616
0.0736622
-0.0317351
0.00349478
-0.0318541
0.0744869
0.0224269
-0.0482059
0.0400967
0.0763972
-0.117877
0.0938093
0.0242452
-0.0463796
0.041931
0.0249062
0.0253956
-0.0452242
0.0253136
0.0435827
-0.0445462
0.0259946
0.0442667
0.00947411
-0.008071
0.0274516
0.0279519
-0.0426569
0.0456697
-0.0246724
0.0283662
0.0466483
-0.0414676
0.046864
-0.0234731
0.0295706
0.0478577
-0.0224754
-0.0405389
0.0477967
0.0485747
-0.0217554
-0.0220381
0.0310116
-0.0218064
0.049022
0.0675828
-0.109142
0.0492477
0.0500317
-0.0202924
-0.00279133
0.0327532
-0.0200578
0.0152221
0.0154788
-0.0198191
0.0865729
-0.0898806
0.0510043
-0.0370936
0.0868116
-0.0363076
0.0164894
-0.0188044
0.0342582
-0.0541023
0.0517613
0.0525553
-0.0710921
0.0700634
-0.0888739
0.0697928
-0.0180344
-0.000524333
0.0705848
-0.0883506
0.0525403
-0.0355516
0.052804
-0.0175091
3e-006
-0.0533303
0.0525363
0
0
0
0
0
0
0
0
0
0
0
0
0
0
0
0
0
0
0
0
0
0
0
0
0
0
0
0
0
0
0
0
0
0
0
0
0
0
0
0
0
0
0
0
0
0
0
0
0
0
0
0
0
0
0
0
0
0
0
0
0
0
0
0
0
0
0
0
0
0
0
0
0
0
0
0
0
0
0
0
0
0
0
0
0
0
0
0
0
0
0
0
0
0
0
0
0
0
0
0
0
0
0
0
0
0
0
0
0
0
0
0
0
0
0
0
0
0
0
0
0
0
0
0
0
0
0
0
0
0
0
0
0
0
0
0
0
0
0
0
0
0
0
0
0
0
0
0
0
0
0
0
0
0
0
0
0
0
0
0
0
0
0
0
0
0
0
0
0
0
0
0
0
0
0
0
0
0
0
0
0
0
0
0
0
0
0
0
0
0
0
0
0
0
0
0
0
0
0
0
0
0
0
0
0
