0
6.58469e-012
1.14315e-010
6.28282e-010
2.15691e-009
5.72306e-009
1.29047e-008
2.60113e-008
4.83053e-008
8.42761e-008
1.39981e-007
2.23464e-007
3.45274e-007
5.19097e-007
7.6253e-007
1.09802e-006
1.55403e-006
2.16641e-006
2.98011e-006
4.05119e-006
5.44934e-006
7.26082e-006
9.59206e-006
1.2574e-005
1.63671e-005
2.1168e-005
2.72163e-005
3.48042e-005
4.42866e-005
5.60942e-005
7.07485e-005
8.88803e-005
0.000111251
0.000138779
0.000172569
0.000213951
0.000264522
0.000326198
0.000401277
0.000492509
0.000603187
0.000737244
0.000899382
0.00109521
0.00133142
0.001616
0.00195843
0.00237004
0.00286428
0.00345715
0.00416768
0.00501846
0.00603631
0.00725308
0.00870654
0.0104415
0.012511
0.014978
0.017917
0.0214163
0.0255802
0.0305326
0.0364195
0.0434141
0.0517207
0.0615813
0.0732815
0.0871591
0.103613
0.123114
0.146218
0.173583
0.205983
0.244334
0.289714
0.343398
0.406888
0.481955
0.57069
0.675556
0.799458
0.945821
1.11868
1.32279
1.56376
1.8482
2.18388
2.57997
3.04727
3.5985
4.24864
5.01532
5.91934
6.98513
8.24151
9.72238
11.4676
13.5243
15.9477
15.9968
