1
0.996
0.992016
0.988048
0.984096
0.980159
0.976239
0.972334
0.968444
0.964571
0.960712
0.95687
0.953042
0.94923
0.945433
0.941651
0.937885
0.934133
0.930397
0.926675
0.922968
0.919276
0.915599
0.911937
0.908289
0.904656
0.901037
0.897433
0.893843
0.890268
0.886707
0.88316
0.879628
0.876109
0.872605
0.869114
0.865638
0.862175
0.858726
0.855292
0.85187
0.848463
0.845069
0.841689
0.838322
0.834969
0.831629
0.828302
0.824989
0.821689
0.818402
0.815129
0.811868
0.808621
0.805386
0.802165
0.798956
0.79576
0.792577
0.789407
0.786249
0.783104
0.779972
0.776852
0.773745
0.77065
0.767567
0.764497
0.761439
0.758393
0.755359
0.752338
0.749329
0.746331
0.743346
0.740373
0.737411
0.734462
0.731524
0.728598
0.725683
0.72278
0.719889
0.71701
0.714142
0.711285
0.70844
0.705606
0.702784
0.699973
0.697173
0.694384
0.691607
0.68884
0.686085
0.68334
0.680607
0.677885
0.675173
0.672472
0.669783
0.667103
0.664435
0.661777
0.65913
0.656494
0.653868
0.651252
0.648647
0.646053
0.643468
0.640895
0.638331
0.635778
0.633235
0.630702
0.628179
0.625666
0.623163
0.620671
0.618188
0.615715
0.613252
0.610799
0.608356
0.605923
0.603499
0.601085
0.598681
0.596286
0.593901
0.591525
0.589159
0.586803
0.584455
0.582118
0.579789
0.57747
0.57516
0.572859
0.570568
0.568286
0.566013
0.563748
0.561493
0.559248
0.557011
0.554782
0.552563
0.550353
0.548152
0.545959
0.543775
0.5416
0.539434
0.537276
0.535127
0.532986
0.530854
0.528731
0.526616
0.52451
0.522412
0.520322
0.518241
0.516168
0.514103
0.512047
0.509998
0.507958
0.505927
0.503903
0.501887
0.49988
0.49788
0.495889
0.493905
0.49193
0.489962
0.488002
0.48605
0.484106
0.482169
0.480241
0.47832
0.476406
0.474501
0.472603
0.470712
0.46883
0.466954
0.465086
0.463226
0.461373
0.459528
0.45769
0.455859
0.454035
0.452219
0.45041
0.448609
0.446814
0.445027
0.443247
0.441474
0.439708
0.437949
0.436197
0.434453
0.432715
0.430984
0.42926
0.427543
0.425833
0.424129
0.422433
0.420743
0.41906
0.417384
0.415714
0.414052
0.412395
0.410746
0.409103
0.407466
0.405837
0.404213
0.402596
0.400986
0.399382
0.397784
0.396193
0.394609
0.39303
0.391458
0.389892
0.388333
0.386779
0.385232
0.383691
0.382156
0.380628
0.379105
0.377589
0.376079
0.374574
0.373076
0.371584
0.370097
0.368617
0.367142
0.365674
0.364211
0.362754
0.361303
0.359858
0.358419
0.356985
0.355557
0.354135
0.352718
0.351307
0.349902
0.348503
0.347109
0.34572
0.344337
0.34296
0.341588
0.340222
0.338861
0.337505
0.336155
0.334811
0.333472
0.332138
0.330809
0.329486
0.328168
0.326855
0.325548
0.324246
0.322949
0.321657
0.32037
0.319089
0.317812
0.316541
0.315275
0.314014
0.312758
0.311507
0.310261
0.30902
0.307784
0.306552
0.305326
0.304105
0.302889
0.301677
0.30047
0.299268
0.298071
0.296879
0.295692
0.294509
0.293331
0.292157
0.290989
0.289825
0.288666
0.287511
0.286361
0.285215
0.284075
0.282938
0.281806
0.280679
0.279557
0.278438
0.277325
0.276215
0.27511
0.27401
0.272914
0.271822
0.270735
0.269652
0.268573
0.267499
0.266429
0.265363
0.264302
0.263245
0.262192
0.261143
0.260098
0.259058
0.258022
0.25699
0.255962
0.254938
0.253918
0.252902
0.251891
0.250883
0.24988
0.24888
0.247885
0.246893
0.245906
0.244922
0.243942
0.242967
0.241995
0.241027
0.240063
0.239102
0.238146
0.237193
0.236245
0.2353
0.234358
0.233421
0.232487
0.231557
0.230631
0.229709
0.22879
0.227875
0.226963
0.226055
0.225151
0.22425
0.223353
0.22246
0.22157
0.220684
0.219801
0.218922
0.218046
0.217174
0.216305
0.21544
0.214578
0.21372
0.212865
0.212014
0.211166
0.210321
0.20948
0.208642
0.207807
0.206976
0.206148
0.205324
0.204502
0.203684
0.202869
0.202058
0.20125
0.200445
0.199643
0.198844
0.198049
0.197257
0.196468
0.195682
0.194899
0.19412
0.193343
0.19257
0.191799
0.191032
0.190268
0.189507
0.188749
0.187994
0.187242
0.186493
0.185747
0.185004
0.184264
0.183527
0.182793
0.182062
0.181334
0.180608
0.179886
0.179166
0.17845
0.177736
0.177025
0.176317
0.175611
0.174909
0.174209
0.173513
0.172818
0.172127
0.171439
0.170753
0.17007
0.16939
0.168712
0.168037
0.167365
0.166696
0.166029
0.165365
0.164703
0.164044
0.163388
0.162735
0.162084
0.161435
0.16079
0.160147
0.159506
0.158868
0.158232
0.1576
0.156969
0.156341
0.155716
0.155093
0.154473
0.153855
0.153239
0.152626
0.152016
0.151408
0.150802
0.150199
0.149598
0.149
0.148404
0.14781
0.147219
0.14663
0.146044
0.145459
0.144878
0.144298
0.143721
0.143146
0.142573
0.142003
0.141435
0.140869
0.140306
0.139745
0.139186
0.138629
0.138074
0.137522
0.136972
0.136424
0.135878
0.135335
0.134794
0.134254
0.133717
0.133183
0.13265
0.132119
0.131591
0.131064
0.13054
0.130018
0.129498
0.12898
0.128464
0.12795
0.127438
0.126929
0.126421
0.125915
0.125411
0.12491
0.12441
0.123913
0.123417
0.122923
0.122432
0.121942
0.121454
0.120968
0.120484
0.120002
0.119522
0.119044
0.118568
0.118094
0.117622
0.117151
0.116682
0.116216
0.115751
0.115288
0.114827
0.114367
0.11391
0.113454
0.113
0.112548
0.112098
0.11165
0.111203
0.110758
0.110315
0.109874
0.109435
0.108997
0.108561
0.108127
0.107694
0.107263
0.106834
0.106407
0.105981
0.105557
0.105135
0.104715
0.104296
0.103879
0.103463
0.103049
0.102637
0.102227
0.101818
0.10141
0.101005
0.100601
0.100198
0.0997975
0.0993983
0.0990007
0.0986047
0.0982103
0.0978174
0.0974262
0.0970365
0.0966483
0.0962617
0.0958767
0.0954932
0.0951112
0.0947308
0.0943518
0.0939744
0.0935985
0.0932241
0.0928512
0.0924798
0.0921099
0.0917415
0.0913745
0.091009
0.090645
0.0902824
0.0899213
0.0895616
0.0892033
0.0888465
0.0884911
0.0881372
0.0877846
0.0874335
0.0870837
0.0867354
0.0863885
0.0860429
0.0856987
0.0853559
0.0850145
0.0846745
0.0843358
0.0839984
0.0836624
0.0833278
0.0829945
0.0826625
0.0823318
0.0820025
0.0816745
0.0813478
0.0810224
0.0806983
0.0803755
0.080054
0.0797338
0.0794149
0.0790972
0.0787808
0.0784657
0.0781518
0.0778392
0.0775279
0.0772178
0.0769089
0.0766013
0.0762949
0.0759897
0.0756857
0.075383
0.0750814
0.0747811
0.074482
0.0741841
0.0738873
0.0735918
0.0732974
0.0730042
0.0727122
0.0724214
0.0721317
0.0718431
0.0715558
0.0712696
0.0709845
0.0707005
0.0704177
0.0701361
0.0698555
0.0695761
0.0692978
0.0690206
0.0687445
0.0684695
0.0681957
0.0679229
0.0676512
0.0673806
0.0671111
0.0668426
0.0665752
0.0663089
0.0660437
0.0657795
0.0655164
0.0652543
0.0649933
0.0647334
0.0644744
0.0642165
0.0639597
0.0637038
0.063449
0.0631952
0.0629424
0.0626907
0.0624399
0.0621901
0.0619414
0.0616936
0.0614468
0.0612011
0.0609562
0.0607124
0.0604696
0.0602277
0.0599868
0.0597468
0.0595078
0.0592698
0.0590327
0.0587966
0.0585614
0.0583272
0.0580939
0.0578615
0.05763
0.0573995
0.0571699
0.0569412
0.0567135
0.0564866
0.0562607
0.0560356
0.0558115
0.0555883
0.0553659
0.0551444
0.0549239
0.0547042
0.0544853
0.0542674
0.0540503
0.0538341
0.0536188
0.0534043
0.0531907
0.0529779
0.052766
0.052555
0.0523447
0.0521354
0.0519268
0.0517191
0.0515122
0.0513062
0.051101
0.0508966
0.050693
0.0504902
0.0502882
0.0500871
0.0498867
0.0496872
0.0494884
0.0492905
0.0490933
0.048897
0.0487014
0.0485066
0.0483125
0.0481193
0.0479268
0.0477351
0.0475442
0.047354
0.0471646
0.0469759
0.046788
0.0466009
0.0464145
0.0462288
0.0460439
0.0458597
0.0456763
0.0454936
0.0453116
0.0451303
0.0449498
0.04477
0.0445909
0.0444126
0.0442349
0.044058
0.0438818
0.0437062
0.0435314
0.0433573
0.0431838
0.0430111
0.0428391
0.0426677
0.042497
0.0423271
0.0421577
0.0419891
0.0418212
0.0416539
0.0414873
0.0413213
0.041156
0.0409914
0.0408274
0.0406641
0.0405015
0.0403395
0.0401781
0.0400174
0.0398573
0.0396979
0.0395391
0.0393809
0.0392234
0.0390665
0.0389103
0.0387546
0.0385996
0.0384452
0.0382914
0.0381383
0.0379857
0.0378338
0.0376824
0.0375317
0.0373816
0.037232
0.0370831
0.0369348
0.036787
0.0366399
0.0364933
0.0363474
0.036202
0.0360572
0.0359129
0.0357693
0.0356262
0.0354837
0.0353418
0.0352004
0.0350596
0.0349194
0.0347797
0.0346406
0.034502
0.034364
0.0342265
0.0340896
0.0339533
0.0338175
0.0336822
0.0335475
0.0334133
0.0332796
0.0331465
0.0330139
0.0328819
0.0327503
0.0326193
0.0324889
0.0323589
0.0322295
0.0321005
0.0319721
0.0318443
0.0317169
0.03159
0.0314636
0.0313378
0.0312124
0.0310876
0.0309632
0.0308394
0.030716
0.0305932
0.0304708
0.0303489
0.0302275
0.0301066
0.0299862
0.0298662
0.0297468
0.0296278
0.0295093
0.0293912
0.0292737
0.0291566
0.0290399
0.0289238
0.0288081
0.0286929
0.0285781
0.0284638
0.0283499
0.0282365
0.0281236
0.0280111
0.027899
0.0277874
0.0276763
0.0275656
0.0274553
0.0273455
0.0272361
0.0271272
0.0270187
0.0269106
0.026803
0.0266957
0.026589
0.0264826
0.0263767
0.0262712
0.0261661
0.0260614
0.0259572
0.0258533
0.0257499
0.0256469
0.0255443
0.0254422
0.0253404
0.025239
0.0251381
0.0250375
0.0249374
0.0248376
0.0247383
0.0246393
0.0245408
0.0244426
0.0243448
0.0242474
0.0241505
0.0240539
0.0239576
0.0238618
0.0237664
0.0236713
0.0235766
0.0234823
0.0233884
0.0232948
0.0232016
0.0231088
0.0230164
0.0229243
0.0228326
0.0227413
0.0226503
0.0225597
0.0224695
0.0223796
0.0222901
0.0222009
0.0221121
0.0220237
0.0219356
0.0218479
0.0217605
0.0216734
0.0215867
0.0215004
0.0214144
0.0213287
0.0212434
0.0211584
0.0210738
0.0209895
0.0209055
0.0208219
0.0207386
0.0206557
0.0205731
0.0204908
0.0204088
0.0203272
0.0202459
0.0201649
0.0200842
0.0200039
0.0199239
0.0198442
0.0197648
0.0196857
0.019607
0.0195286
0.0194505
0.0193726
0.0192952
0.019218
0.0191411
0.0190645
0.0189883
0.0189123
0.0188367
0.0187613
0.0186863
0.0186115
0.0185371
0.0184629
0.0183891
0.0183155
0.0182423
0.0181693
