-0.0029946
-0.010528
-0.0204078
-0.0286843
-0.0349199
-0.0387546
-0.0397754
-0.0375155
-0.0314371
-0.0209377
-0.00535638
0.0160639
0.0440808
0.0794681
0.122534
0.157292
0.157915
0.144173
0.118013
0.0778413
0.0228141
-0.0466597
-0.128385
-0.219442
-0.314772
-0.408347
-0.49443
-0.564406
-0.610782
-0.624151
-0.570313
-0.43498
-0.260696
-0.0544007
0.18012
0.436911
0.711007
0.993281
1.27624
1.54976
1.80384
2.02881
2.21407
2.35311
2.43772
2.46794
2.43736
2.35153
2.21231
2.02722
1.80435
1.55229
1.28219
1.00253
0.728819
0.545801
0.458062
0.394504
0.346599
0.313094
0.286745
0.270093
0.256308
0.251322
0.243879
0.240543
0.231978
0.231817
0.223821
0.221867
0.216151
0.216875
0.217263
0.222077
0.236387
0.258786
0.296627
0.34528
0.408266
0.488173
0.521159
0.521541
0.521541
0.521541
0.521541
0.521541
0.521541
0.521541
0.521541
0.521541
0.521541
0.521541
0.521541
0.521541
0.521541
0.521541
0.521541
0.521541
0.521541
0.521541
