0.00165959
0.00356085
0.00810809
0.0148789
0.024246
0.0364003
0.0522899
0.0714095
0.095286
0.123864
0.1585
0.199405
0.248307
0.306335
0.374988
0.45367
0.538432
0.630854
0.729513
0.83273
0.936887
1.03932
1.13717
1.22772
1.30976
1.38332
1.44747
1.50582
1.55979
1.61196
1.65651
1.68727
1.71033
1.7178
1.70387
1.66211
1.58559
1.47023
1.31364
1.11251
0.870734
0.592547
0.281867
-0.0488093
-0.391388
-0.729919
-1.05277
-1.34427
-1.5914
-1.77948
-1.89828
-1.93624
-1.88608
-1.74162
-1.50963
-1.28441
-1.12258
-0.963728
-0.801677
-0.643806
-0.485957
-0.334053
-0.184065
-0.0425815
0.094948
0.221635
0.347295
0.456971
0.556599
0.643496
0.71822
0.773419
0.810612
0.825515
0.813188
0.773137
0.696176
0.586988
0.434821
0.250989
0.175591
0.174009
0.174009
0.174009
0.174009
0.174009
0.174009
0.174009
0.174009
0.174009
0.174009
0.174009
0.174009
0.174009
0.174009
0.174009
0.174009
0.174009
0.174009
0.174009
