0.00454386
0.0140551
0.0283835
0.0433565
0.0589674
0.0748564
0.0912534
0.10766
0.12406
0.140065
0.155085
0.168722
0.179849
0.18789
0.190967
0.189698
0.185614
0.178148
0.168468
0.156425
0.142738
0.129181
0.115275
0.102172
0.0891944
0.0751706
0.0590491
0.0371925
0.00647019
-0.0381482
-0.105969
-0.198722
-0.304417
-0.420494
-0.541202
-0.663844
-0.784514
-0.898909
-1.00354
-1.09488
-1.16958
-1.22816
-1.2647
-1.28205
-1.27861
-1.25469
-1.21337
-1.15329
-1.0791
-0.991795
-0.895926
-0.789131
-0.677516
-0.557585
-0.433794
-0.361177
-0.337009
-0.318076
-0.30181
-0.292736
-0.274012
-0.263668
-0.247184
-0.237005
-0.223208
-0.207105
-0.19098
-0.184975
-0.164899
-0.157121
-0.144042
-0.138315
-0.136826
-0.128578
-0.140072
-0.155712
-0.180552
-0.212403
-0.262852
-0.312089
-0.335255
-0.337249
-0.337249
-0.337249
-0.337249
-0.337249
-0.337249
-0.337249
-0.337249
-0.337249
-0.337249
-0.337249
-0.337249
-0.337249
-0.337249
-0.337249
-0.337249
-0.337249
-0.337249
-0.337249
