-0.0182949
-0.109543
-0.197627
-0.256212
-0.287696
-0.294503
-0.278796
-0.242542
-0.187468
-0.115164
-0.0271747
0.0751711
0.190263
0.316376
0.44996
0.532756
0.493344
0.415449
0.313666
0.190833
0.0515884
-0.0973186
-0.246987
-0.38939
-0.51519
-0.616462
-0.688473
-0.724901
-0.723567
-0.682006
-0.5748
-0.404369
-0.223537
-0.0430254
0.131398
0.293985
0.441276
0.56861
0.673875
0.754778
0.810321
0.84063
0.846176
0.829503
0.792618
0.740152
0.674235
0.599996
0.520654
0.440057
0.361272
0.286677
0.218413
0.157517
0.105622
0.0729584
0.0564769
0.0448645
0.0363568
0.0302927
0.0255897
0.0222325
0.01946
0.0176002
0.0157531
0.0143314
0.0127482
0.0117504
0.0104644
0.00956777
0.00859767
0.0079568
0.00735226
0.00693175
0.00680563
0.00687214
0.00726554
0.00780071
0.00850768
0.00938312
0.00923952
0.0085285
0.00786644
0.00725577
0.00669251
0.00617298
0.00569377
0.00525177
0.00484408
0.00446804
0.00412118
0.00380126
0.00350617
0.00323399
0.00298294
0.00275137
0.00253779
0.00234078
0.00215214
0.00146731
