0.00321209	0.242082	0.519989
0.0037479	0.242313	0.519984
0.00432584	0.242599	0.519979
0.00494593	0.242931	0.519972
0.00561169	0.243325	0.519963
0.00633516	0.243792	0.519951
0.00712199	0.244339	0.519937
0.00796794	0.24497	0.519918
0.00886515	0.245676	0.519895
0.00980916	0.246459	0.519868
0.0108108	0.247309	0.519835
0.0118648	0.248226	0.519795
0.0129586	0.24919	0.51975
0.0142947	0.250092	0.519694
0.0156751	0.251032	0.519631
0.0170936	0.251995	0.51956
0.0185374	0.252984	0.519482
0.0200193	0.253994	0.519396
0.0215367	0.255007	0.519303
0.0228621	0.256159	0.519209
0.0242053	0.257287	0.519109
0.0255567	0.258377	0.519006
0.0264931	0.259437	0.518922
0.0274083	0.260403	0.518842
0.0282947	0.261277	0.518766
0.0291389	0.262048	0.518696
0.0299271	0.262704	0.518634
0.0306515	0.26322	0.518582
0.0313095	0.263591	0.518539
0.0318903	0.263819	0.518505
0.0320548	0.263981	0.518497
0.0321419	0.26399	0.518496
0.0322171	0.263735	0.518501
0.032201	0.263364	0.518509
0.0320781	0.262881	0.518516
0.0318262	0.262322	0.518522
0.0313919	0.261772	0.518525
0.0308406	0.261171	0.51852
0.0299543	0.260711	0.518514
0.0289332	0.260208	0.518499
0.0277786	0.259666	0.518471
0.0264932	0.25907	0.518429
0.0250649	0.258422	0.518371
0.0234797	0.257758	0.518295
0.0219654	0.256845	0.518188
0.0203092	0.255899	0.518058
0.0185263	0.254943	0.517902
0.0165903	0.253992	0.517719
0.0145263	0.253044	0.517507
0.0123163	0.25212	0.517265
0.00999363	0.251178	0.51699
0.00753764	0.250231	0.51668
0.00496138	0.249304	0.516334
0.00185512	0.248382	0.515952
-0.0013173	0.247476	0.515527
-0.00422909	0.2465	0.51506
-0.00724688	0.245564	0.514553
-0.0104321	0.244808	0.514008
-0.013691	0.244104	0.51342
-0.0170098	0.243463	0.51279
-0.0205988	0.242709	0.512109
-0.0242535	0.2419	0.511377
-0.0280076	0.241106	0.510594
-0.0318707	0.240337	0.509758
-0.0358338	0.239566	0.508867
-0.0398965	0.23875	0.507907
-0.0440553	0.23796	0.506889
-0.0483036	0.237186	0.505813
-0.0526366	0.23643	0.504678
-0.0570577	0.23571	0.503485
-0.0615566	0.235018	0.502232
-0.0661593	0.234361	0.500917
-0.0708283	0.233761	0.499545
-0.0755935	0.233232	0.498118
-0.0804399	0.232651	0.496611
-0.0853771	0.232099	0.495034
-0.0904093	0.231567	0.493383
-0.0955384	0.231048	0.491658
-0.100402	0.230574	0.489932
-0.105395	0.230117	0.488124
-0.11055	0.229703	0.486232
-0.115815	0.229292	0.484252
-0.121266	0.228836	0.482166
-0.126824	0.228405	0.47999
-0.132496	0.227968	0.477719
-0.137746	0.227621	0.475498
-0.143131	0.227285	0.473178
-0.148665	0.226953	0.470753
-0.154329	0.226628	0.468224
-0.160114	0.226329	0.465592
-0.166036	0.2261	0.462867
-0.172074	0.225901	0.460046
-0.178221	0.225697	0.457117
-0.184491	0.225458	0.454064
-0.190812	0.225277	0.450917
-0.197218	0.225071	0.447651
-0.203716	0.224815	0.444261
-0.210302	0.224488	0.440734
-0.216948	0.224095	0.43707
-0.223648	0.223716	0.433307
-0.230427	0.223305	0.429417
-0.237269	0.222861	0.4254
-0.244155	0.222359	0.421264
-0.251081	0.221806	0.417003
-0.257821	0.221086	0.412704
-0.264801	0.220347	0.408199
-0.271799	0.219507	0.40357
-0.278534	0.218519	0.398944
-0.285494	0.217412	0.394095
-0.29219	0.216076	0.389245
-0.299116	0.214609	0.384087
-0.305919	0.21298	0.378892
-0.312582	0.211123	0.373647
-0.31909	0.209047	0.368367
-0.325438	0.206728	0.36307
-0.331556	0.204095	0.357809
-0.337504	0.201225	0.352533
-0.343285	0.198119	0.347245
-0.348862	0.194797	0.341979
-0.354253	0.191093	0.336694
-0.359423	0.1871	0.331439
-0.364509	0.182916	0.32611
-0.369195	0.178505	0.320983
-0.373538	0.173693	0.31598
-0.377556	0.168471	0.311087
-0.381268	0.16286	0.306295
-0.384636	0.156865	0.30164
-0.387654	0.150523	0.297132
-0.390321	0.143827	0.292765
-0.392764	0.13678	0.288402
-0.394672	0.129424	0.284358
-0.396207	0.121783	0.280467
-0.397462	0.113752	0.276575
-0.398083	0.105365	0.273003
-0.398393	0.0965687	0.269428
-0.398252	0.087436	0.266004
-0.397631	0.0780156	0.262744
-0.396863	0.0688818	0.259601
-0.395614	0.0595038	0.25657
-0.393986	0.0500404	0.253659
-0.392047	0.0405741	0.250812
-0.389724	0.0310652	0.248094
-0.387038	0.0215605	0.245504
-0.384011	0.0120868	0.243029
-0.380671	0.00269386	0.240659
-0.377064	-0.0065848	0.238356
-0.373136	-0.0156651	0.236272
-0.368965	-0.024733	0.234099
-0.364647	-0.0336079	0.231915
-0.3602	-0.0422489	0.22975
-0.355641	-0.0506154	0.227629
-0.350987	-0.0587137	0.225541
-0.346243	-0.0665644	0.223474
-0.341419	-0.0742902	0.221279
-0.336549	-0.0817497	0.21909
-0.331651	-0.0889317	0.216918
-0.326737	-0.0958308	0.214781
-0.321879	-0.102412	0.212662
-0.317215	-0.108594	0.210553
-0.312678	-0.114426	0.208472
-0.308286	-0.119897	0.206446
-0.304029	-0.12505	0.20446
-0.299533	-0.130191	0.202517
-0.295264	-0.134993	0.200601
-0.291092	-0.139541	0.198733
-0.287024	-0.143846	0.196913
-0.283047	-0.147932	0.195141
-0.279189	-0.151789	0.193415
-0.275436	-0.15544	0.191738
-0.271796	-0.158881	0.190124
-0.268275	-0.162113	0.188591
-0.264873	-0.165143	0.187141
-0.261577	-0.168	0.185761
-0.258367	-0.170685	0.184484
-0.25526	-0.173198	0.183308
-0.252242	-0.175549	0.18225
-0.249306	-0.177752	0.181302
-0.246457	-0.179824	0.180437
-0.24372	-0.181667	0.179865
-0.241061	-0.183397	0.179379
-0.23847	-0.185026	0.178973
-0.236105	-0.186454	0.178691
-0.233645	-0.187906	0.178428
-0.231395	-0.189179	0.178273
-0.229063	-0.190466	0.178154
-0.226802	-0.19168	0.178082
-0.224622	-0.192812	0.178072
-0.222501	-0.193875	0.178126
-0.220591	-0.194785	0.178267
-0.218786	-0.195614	0.178451
-0.21708	-0.196367	0.178683
-0.215485	-0.197042	0.178953
-0.213996	-0.197644	0.179261
-0.212606	-0.198181	0.1796
-0.21131	-0.19866	0.179956
-0.209986	-0.199157	0.18029
-0.208751	-0.199607	0.180625
-0.207632	-0.199993	0.180974
-0.206624	-0.200321	0.181329
-0.20571	-0.200602	0.181687
-0.204893	-0.20084	0.18203
-0.204165	-0.201042	0.182359
-0.203515	-0.201208	0.182682
-0.202933	-0.201349	0.182987
-0.202454	-0.201441	0.183292
-0.202035	-0.201506	0.183594
-0.201478	-0.201671	0.18381
-0.201113	-0.201722	0.184085
-0.20066	-0.201842	0.18429
-0.200382	-0.201865	0.184536
-0.200154	-0.201867	0.184781
-0.199971	-0.201852	0.185014
-0.199823	-0.20183	0.185227
-0.199595	-0.201869	0.185379
-0.199387	-0.201904	0.18552
-0.199195	-0.201937	0.185648
-0.199028	-0.201964	0.185762
-0.198873	-0.201996	0.185852
-0.198741	-0.202022	0.185932
-0.198627	-0.202043	0.186003
-0.198646	-0.20199	0.18611
-0.19868	-0.201932	0.186211
-0.198729	-0.201874	0.186298
-0.198783	-0.201819	0.186371
-0.198841	-0.201769	0.186428
-0.198966	-0.20169	0.186482
-0.199034	-0.201643	0.186519
-0.199109	-0.201595	0.186556
-0.199193	-0.201544	0.186586
-0.199239	-0.201514	0.186611
-0.199299	-0.201479	0.186634
-0.19942	-0.201414	0.186659
-0.199556	-0.201344	0.186681
-0.199706	-0.201267	0.186704
-0.199869	-0.201185	0.186724
-0.199864	-0.201213	0.186663
-0.199873	-0.201238	0.186594
-0.200077	-0.201147	0.186591
-0.200288	-0.201057	0.186577
-0.200514	-0.200963	0.186557
-0.200753	-0.200865	0.186531
-0.200997	-0.200765	0.186505
-0.201248	-0.20066	0.186483
-0.201508	-0.200552	0.186458
-0.201776	-0.200444	0.186424
-0.202061	-0.200333	0.186378
-0.202364	-0.200217	0.186325
-0.202679	-0.200097	0.186265
-0.203008	-0.199974	0.186198
-0.203353	-0.199847	0.186123
-0.203646	-0.199753	0.18603
-0.204013	-0.199623	0.185937
-0.204393	-0.199491	0.185834
-0.204783	-0.199358	0.185724
-0.205179	-0.19923	0.185594
-0.20559	-0.199104	0.185443
-0.206017	-0.198976	0.18528
-0.20646	-0.198841	0.185111
-0.206916	-0.198707	0.184931
-0.207379	-0.19858	0.184722
-0.208034	-0.198339	0.184568
-0.208676	-0.198111	0.184397
-0.209138	-0.198001	0.184149
-0.209604	-0.197892	0.18389
-0.210074	-0.197789	0.183613
-0.21051	-0.19771	0.183315
-0.21096	-0.19763	0.183004
-0.21143	-0.197545	0.182675
-0.211898	-0.197468	0.182326
-0.212386	-0.197383	0.181967
-0.21288	-0.197295	0.181602
-0.213356	-0.197223	0.181212
-0.213832	-0.19715	0.180814
-0.214301	-0.197079	0.180404
-0.214755	-0.197015	0.179984
-0.215194	-0.196952	0.179562
-0.21563	-0.196888	0.179126
-0.216058	-0.196825	0.178676
-0.216479	-0.196758	0.17822
-0.216905	-0.196683	0.177749
-0.217342	-0.196589	0.177282
-0.217775	-0.196487	0.176807
-0.218256	-0.196272	0.176509
-0.218734	-0.196049	0.176196
-0.21923	-0.195874	0.175724
-0.219731	-0.195679	0.175255
-0.220273	-0.19544	0.174803
-0.220847	-0.195162	0.17436
-0.221477	-0.194828	0.173943
-0.222156	-0.194441	0.173548
-0.222972	-0.193959	0.173176
-0.223843	-0.193419	0.17283
-0.224787	-0.192809	0.172509
-0.225822	-0.192118	0.17222
-0.226947	-0.191336	0.171975
-0.22818	-0.190454	0.171779
-0.229516	-0.189484	0.171612
-0.230986	-0.188405	0.171477
-0.232598	-0.187211	0.171378
-0.234373	-0.185886	0.171318
-0.236324	-0.184424	0.171293
-0.23846	-0.18281	0.171311
-0.24078	-0.181043	0.171365
-0.243321	-0.179101	0.171448
-0.246075	-0.176977	0.171571
-0.249062	-0.174659	0.171721
-0.252324	-0.172107	0.171912
-0.255725	-0.169481	0.171975
-0.259419	-0.16659	0.172076
-0.263506	-0.163279	0.172335
-0.267934	-0.15967	0.172585
-0.272683	-0.155748	0.172832
-0.277738	-0.151513	0.173059
-0.283094	-0.146953	0.173248
-0.288755	-0.142043	0.173401
-0.294728	-0.136747	0.173521
-0.301028	-0.131039	0.17358
-0.307622	-0.124919	0.173568
-0.314543	-0.118314	0.17349
-0.321742	-0.111241	0.173327
-0.329219	-0.103668	0.173055
-0.337066	-0.0954268	0.172688
-0.345184	-0.0865616	0.172217
-0.353552	-0.0770329	0.171625
-0.362119	-0.0668136	0.170915
-0.37087	-0.0558364	0.17008
-0.379734	-0.0441013	0.169124
-0.388641	-0.0315825	0.168057
-0.39748	-0.0183218	0.166906
-0.406187	-0.00431404	0.165666
-0.414678	0.0104278	0.164364
-0.422847	0.0258352	0.163001
-0.430773	0.0421464	0.161551
-0.438169	0.0589529	0.160146
-0.445042	0.0763684	0.158782
-0.451185	0.0938926	0.157508
-0.456597	0.111568	0.156347
-0.461134	0.129051	0.155339
-0.464946	0.14648	0.154525
-0.467992	0.163804	0.153885
-0.470296	0.180883	0.153474
-0.471918	0.197742	0.153315
-0.472804	0.21408	0.153439
-0.473048	0.229909	0.153832
-0.472722	0.245259	0.154511
-0.471819	0.259864	0.155498
-0.470447	0.273899	0.156784
-0.468633	0.287168	0.158346
-0.466456	0.299803	0.160205
-0.463954	0.311767	0.162335
-0.461182	0.32304	0.164725
-0.458187	0.333628	0.167343
-0.454994	0.343625	0.170181
-0.451655	0.353007	0.173206
-0.448169	0.361809	0.176455
-0.444591	0.370024	0.179879
-0.440936	0.377689	0.183497
-0.437256	0.384677	0.187306
-0.433522	0.391273	0.19118
-0.429775	0.397372	0.195157
-0.425937	0.4031	0.199248
-0.422061	0.408495	0.203434
-0.418099	0.413873	0.207741
-0.4141	0.418929	0.212074
-0.410094	0.423789	0.216457
-0.406201	0.428242	0.220789
-0.402309	0.432401	0.225122
-0.398394	0.436519	0.22944
-0.394474	0.440497	0.233726
-0.390585	0.444225	0.237964
-0.386695	0.447939	0.242136
-0.382828	0.451592	0.246148
-0.378981	0.455102	0.250153
-0.375192	0.458427	0.254056
-0.371446	0.461676	0.257846
-0.367761	0.464827	0.261516
-0.36409	0.467952	0.26507
-0.360486	0.471	0.268494
-0.35692	0.473987	0.271807
-0.353431	0.476929	0.274963
-0.349982	0.479854	0.277977
-0.346597	0.482729	0.280852
-0.343294	0.48552	0.283593
-0.340093	0.488214	0.28619
-0.337005	0.4908	0.288649
-0.333953	0.493371	0.290999
-0.330997	0.495852	0.293225
-0.328134	0.498246	0.29533
-0.325377	0.50049	0.297352
-0.322695	0.502689	0.299261
-0.319971	0.504914	0.301107
-0.317376	0.507007	0.302853
-0.314887	0.508984	0.30451
-0.312519	0.510813	0.306097
-0.31023	0.512571	0.307596
-0.308024	0.514225	0.309036
-0.305937	0.515626	0.310509
-0.303918	0.517047	0.311846
-0.301969	0.518371	0.313141
-0.300146	0.51956	0.314383
-0.298374	0.520668	0.315597
-0.296735	0.521551	0.31682
-0.295153	0.522325	0.31804
-0.293597	0.523074	0.319228
-0.292105	0.523705	0.320412
-0.290697	0.524138	0.321642
-0.289451	0.524472	0.322786
-0.288253	0.524753	0.323901
-0.28709	0.52496	0.325019
-0.285888	0.525184	0.326135
-0.284824	0.525312	0.327189
-0.283795	0.525392	0.328231
-0.282679	0.525415	0.329365
-0.281692	0.525442	0.330371
-0.280771	0.525358	0.33139
-0.279929	0.525208	0.33238
-0.279128	0.525025	0.333345
-0.278379	0.5248	0.334283
-0.277663	0.524554	0.335196
-0.277001	0.524249	0.336099
-0.276382	0.523903	0.336986
-0.275832	0.523544	0.337816
-0.275331	0.523145	0.338628
-0.274834	0.522709	0.339454
-0.274336	0.522279	0.340265
-0.27389	0.521825	0.341045
-0.273461	0.521429	0.341758
-0.273087	0.52102	0.34243
-0.272794	0.520557	0.343072
-0.272544	0.520114	0.343661
-0.272336	0.519747	0.34415
-0.272043	0.519432	0.344659
-0.27179	0.519107	0.34514
-0.271564	0.518792	0.345588
-0.27144	0.518389	0.346021
-0.271302	0.518008	0.346444
-0.271197	0.517636	0.346831
-0.271249	0.517261	0.347097
-0.271216	0.516906	0.347411
-0.271204	0.516569	0.347693
-0.271162	0.516279	0.347959
-0.271136	0.51601	0.348196
-0.271118	0.515753	0.348415
-0.271121	0.515503	0.348613
-0.271138	0.51527	0.348784
-0.271171	0.515064	0.348923
-0.271182	0.514881	0.349059
-0.271197	0.514722	0.349174
-0.271264	0.514579	0.349234
-0.271329	0.514466	0.349273
-0.271404	0.514366	0.349294
-0.271482	0.514276	0.349305
-0.27158	0.514193	0.349294
-0.271683	0.514115	0.349275
-0.271771	0.514047	0.349259
-0.271864	0.513983	0.349238
-0.271958	0.513926	0.349209
-0.272054	0.513876	0.349175
-0.272149	0.513836	0.349131
-0.27224	0.513807	0.349083
-0.272331	0.513786	0.349029
-0.272417	0.513779	0.348967
-0.272559	0.513773	0.348861
-0.272697	0.513777	0.34875
-0.272834	0.513796	0.348628
-0.272967	0.513829	0.348498
-0.273102	0.513863	0.348366
-0.273237	0.513902	0.34823
-0.273377	0.513945	0.348086
-0.273517	0.513992	0.347939
-0.273663	0.514035	0.347791
-0.273812	0.514081	0.347638
-0.273963	0.514121	0.347487
-0.274116	0.514164	0.347333
-0.274271	0.514207	0.347177
-0.274316	0.514247	0.347109
-0.274366	0.514287	0.347038
-0.274398	0.514333	0.346977
-0.27443	0.514379	0.346914
-0.274458	0.514431	0.346851
-0.274487	0.51448	0.346788
-0.274514	0.51453	0.346728
-0.274535	0.514582	0.34667
-0.274551	0.51463	0.346618
-0.274662	0.514677	0.346492
-0.274767	0.514722	0.346373
-0.274867	0.514757	0.346265
-0.274904	0.514792	0.346208
-0.274933	0.514817	0.346164
-0.27495	0.514829	0.34614
-0.27496	0.514819	0.346139
-0.274952	0.514805	0.346155
-0.274923	0.51478	0.346196
-0.274862	0.514751	0.346266
-0.274744	0.514724	0.346378
-0.274543	0.514703	0.346551
-0.27431	0.51467	0.346758
-0.273997	0.514628	0.347034
-0.273659	0.514555	0.347354
-0.273292	0.514448	0.347722
-0.272982	0.514359	0.34803
-0.272669	0.514182	0.348408
-0.272294	0.513983	0.348849
-0.271853	0.513805	0.349325
-0.271377	0.513583	0.34986
-0.270861	0.513325	0.350451
-0.270304	0.51302	0.351107
-0.269698	0.512675	0.351827
-0.269045	0.512292	0.352607
-0.26825	0.511864	0.353525
-0.267396	0.511399	0.354508
-0.266491	0.510891	0.355556
-0.265529	0.510335	0.356673
-0.264512	0.509729	0.357859
-0.263439	0.509069	0.359116
-0.262303	0.50835	0.360452
-0.261099	0.507565	0.361872
-0.259675	0.506838	0.363392
-0.258219	0.506025	0.364981
-0.256753	0.505115	0.366629
-0.255286	0.504129	0.368315
-0.253777	0.503052	0.370073
-0.252264	0.501866	0.371888
-0.250698	0.500611	0.373765
-0.249059	0.499282	0.375717
-0.247357	0.497833	0.377762
-0.245558	0.496392	0.379841
-0.243697	0.494884	0.381975
-0.241791	0.493251	0.384184
-0.239801	0.491561	0.38645
-0.237721	0.489804	0.388778
-0.235554	0.487994	0.391157
-0.2333	0.48612	0.393588
-0.230955	0.484181	0.396074
-0.228505	0.482184	0.398611
-0.225956	0.480123	0.401199
-0.223303	0.478013	0.403828
-0.220556	0.475842	0.406495
-0.217713	0.473635	0.409186
-0.215118	0.471475	0.411672
-0.212454	0.469307	0.414156
-0.209733	0.467109	0.416643
-0.207121	0.464764	0.41911
-0.204434	0.46243	0.421568
-0.201685	0.460128	0.423998
-0.198881	0.457806	0.426423
-0.196026	0.455521	0.428814
-0.193127	0.45326	0.431174
-0.190185	0.451022	0.433503
-0.187219	0.448797	0.435797
-0.184238	0.446592	0.438052
-0.181221	0.444408	0.440275
-0.178208	0.442248	0.442449
-0.175172	0.440105	0.444589
-0.172131	0.437995	0.446682
-0.169098	0.435909	0.448728
-0.166084	0.433846	0.450724
-0.163091	0.431824	0.452664
-0.160112	0.429815	0.454561
-0.157164	0.427844	0.456404
-0.154261	0.425893	0.458193
-0.151412	0.423971	0.459926
-0.14861	0.422092	0.461601
-0.145843	0.420245	0.463227
-0.142729	0.418351	0.464952
-0.139644	0.416483	0.466629
-0.136593	0.414649	0.468254
-0.133558	0.41285	0.469833
-0.130554	0.411094	0.471361
-0.127575	0.409326	0.472857
-0.124628	0.407597	0.474305
-0.121687	0.405869	0.475723
-0.118785	0.404189	0.47709
-0.115901	0.402522	0.478423
-0.113052	0.400889	0.47971
-0.110231	0.399264	0.480964
-0.107458	0.397653	0.482179
-0.104718	0.396067	0.483355
-0.102023	0.394476	0.4845
-0.0993738	0.392882	0.485613
-0.0967652	0.391306	0.486692
-0.0942114	0.389746	0.487733
-0.0917175	0.388194	0.48874
-0.0892984	0.386687	0.489701
-0.0869456	0.38519	0.490629
-0.084655	0.383714	0.491522
-0.082442	0.38227	0.492376
-0.0799046	0.380793	0.493277
-0.077411	0.379318	0.49415
-0.0749656	0.377881	0.494988
-0.0725788	0.376454	0.495796
-0.0702416	0.375054	0.496573
-0.0679516	0.373655	0.497326
-0.0657121	0.372265	0.498054
-0.0635152	0.370919	0.49875
-0.0613503	0.369582	0.499424
-0.0592442	0.368289	0.500065
-0.0571712	0.366992	0.500687
-0.0551378	0.365719	0.501285
-0.0531458	0.364452	0.501863
-0.05121	0.363226	0.502411
-0.0493092	0.362014	0.502939
-0.0474351	0.360803	0.503451
-0.0455913	0.35964	0.503937
-0.0437865	0.358512	0.504399
-0.0420184	0.357415	0.504839
-0.0402606	0.356332	0.505264
-0.0385086	0.355239	0.505678
-0.0367627	0.354137	0.506082
-0.0350257	0.353031	0.506476
-0.0333098	0.351933	0.506854
-0.031577	0.350796	0.507231
-0.0302753	0.349714	0.507559
-0.0290225	0.348639	0.507874
-0.0278088	0.347568	0.508179
-0.0266078	0.346476	0.508479
-0.0254166	0.345341	0.508781
-0.0242413	0.34421	0.509073
-0.0230781	0.343051	0.509364
-0.0219379	0.341859	0.509653
-0.0208383	0.340648	0.509937
-0.0197521	0.339394	0.510223
-0.0186927	0.338107	0.510508
-0.0176578	0.336794	0.510791
-0.0166475	0.335454	0.511071
-0.0156462	0.334054	0.511357
-0.0146611	0.332619	0.511642
-0.013695	0.331141	0.511928
-0.0127424	0.329614	0.512217
-0.0118112	0.328038	0.512506
-0.0108999	0.32641	0.512798
-0.0100112	0.324745	0.513089
-0.00914855	0.323061	0.513376
-0.0083132	0.321353	0.513659
-0.00750641	0.319617	0.51394
-0.006724	0.317865	0.514215
-0.00597202	0.316187	0.514471
-0.00523734	0.314482	0.514725
-0.004519	0.31275	0.514976
-0.0038076	0.310976	0.515226
-0.00312038	0.309173	0.515473
-0.0024727	0.307361	0.515714
-0.0018486	0.305529	0.51595
-0.00123747	0.303691	0.51618
-0.000629065	0.301846	0.516403
-2.02597e-05	0.299993	0.516621
0.000572207	0.298129	0.516832
0.00115823	0.29627	0.517035
0.00173014	0.294395	0.517232
0.00230208	0.292516	0.517422
0.00286	0.290656	0.517603
0.00341016	0.288785	0.517778
0.00395303	0.286925	0.517944
0.00449377	0.285062	0.518104
0.00504613	0.283213	0.518254
0.00560121	0.281392	0.518395
0.00615768	0.279585	0.518527
0.00674619	0.27778	0.518652
0.00734112	0.275998	0.518768
0.00794632	0.274244	0.518875
0.00856707	0.272528	0.518973
0.00919506	0.270851	0.519061
0.00982983	0.269201	0.519142
0.0104703	0.26758	0.519214
0.0111094	0.265993	0.519279
0.011832	0.264423	0.519336
0.0125532	0.262904	0.519384
0.0132577	0.261422	0.519426
0.0139347	0.259958	0.519463
0.0145744	0.258516	0.519495
0.0152196	0.257096	0.519521
0.0158354	0.255706	0.519542
0.0165188	0.254333	0.519556
0.0171801	0.253009	0.519565
0.0178107	0.25173	0.51957
0.0184061	0.250498	0.519571
0.0189505	0.249314	0.51957
0.0194538	0.248167	0.519566
0.0199114	0.247055	0.51956
0.0202093	0.246033	0.519557
0.0204736	0.245045	0.519553
0.0208981	0.24403	0.519541
0.0212518	0.243068	0.519528
0.0216744	0.242133	0.519511
0.0220557	0.241234	0.519494
0.0223908	0.240357	0.519476
0.0226905	0.239515	0.519459
0.0229452	0.238709	0.519442
0.0230377	0.237998	0.519432
0.0230978	0.237326	0.519422
0.0230536	0.236717	0.519417
0.0229939	0.236135	0.519412
0.0231407	0.235524	0.519397
0.0232787	0.23496	0.519382
0.0234117	0.23444	0.519368
0.0234917	0.233969	0.519356
0.0235612	0.233534	0.519345
0.02352	0.233141	0.51934
0.0235698	0.232741	0.51933
0.0236041	0.232353	0.51932
0.0236318	0.231958	0.519311
0.0235116	0.23162	0.519309
0.0233871	0.23129	0.519307
0.0232653	0.230971	0.519304
0.0232683	0.23074	0.519301
0.0232782	0.230515	0.519297
0.0230983	0.230213	0.519297
0.0229347	0.229917	0.519296
0.0226818	0.229636	0.5193
0.0224502	0.229354	0.519303
0.0222361	0.22907	0.519304
0.0220425	0.228783	0.519304
0.0218724	0.228636	0.519309
0.021851	0.228433	0.519307
0.0218497	0.228188	0.519301
0.0221877	0.227894	0.519281
0.0225416	0.227585	0.519258
0.0226893	0.227319	0.519246
0.0228494	0.227028	0.519231
0.023022	0.226725	0.519216
0.0231672	0.22631	0.519198
0.0233226	0.225884	0.51918
0.0234858	0.225451	0.51916
0.0235536	0.225033	0.519144
0.0236374	0.22462	0.519128
0.0237441	0.224214	0.519111
0.0240179	0.223766	0.519084
0.0243097	0.223318	0.519056
0.0246161	0.222874	0.519027
0.0249283	0.222298	0.51899
0.0252344	0.221718	0.518952
0.0255377	0.221286	0.518922
0.0258336	0.220853	0.518891
0.0261241	0.220422	0.51886
0.0264075	0.219998	0.51883
0.0266964	0.219579	0.518798
0.0269805	0.219173	0.518767
0.0272692	0.21864	0.518727
0.0275622	0.218121	0.518687
0.0278588	0.217668	0.51865
0.027828	0.21727	0.518632
0.0277938	0.216897	0.518616
0.0277569	0.21655	0.518601
0.027715	0.216231	0.518587
0.0276656	0.215926	0.518574
0.0276528	0.215726	0.518564
0.0276421	0.215534	0.518554
0.0276364	0.215347	0.518544
0.0276336	0.21517	0.518534
0.0276342	0.214998	0.518525
0.0276376	0.214834	0.518515
0.0276459	0.214682	0.518506
0.0276545	0.214545	0.518497
0.0276612	0.214419	0.51849
0.0276617	0.214304	0.518483
0.0276643	0.214198	0.518476
0.0276685	0.214099	0.51847
0.0276694	0.21401	0.518464
0.0276674	0.213921	0.518459
0.0276647	0.213842	0.518454
0.0276602	0.213769	0.518449
0.0276584	0.213692	0.518444
0.0276549	0.213614	0.518439
0.0276488	0.213535	0.518434
0.0276454	0.213456	0.518429
0.027643	0.213383	0.518425
0.0276376	0.213318	0.518421
0.0276325	0.213246	0.518416
0.0276309	0.213175	0.518412
0.0276294	0.213101	0.518407
0.0276251	0.213028	0.518402
0.0276188	0.212956	0.518398
0.0276101	0.212891	0.518394
0.0276011	0.212824	0.51839
0.0275898	0.212761	0.518387
0.0275819	0.212699	0.518383
0.0275737	0.21264	0.51838
0.0275654	0.212583	0.518377
0.0275576	0.21254	0.518374
0.0275494	0.212502	0.518372
0.0275421	0.212471	0.518371
0.0275338	0.212447	0.51837
0.02753	0.212423	0.518368
0.0275258	0.212405	0.518368
0.0275268	0.212384	0.518366
0.0275273	0.212365	0.518365
0.02753	0.21234	0.518364
0.0275309	0.212315	0.518362
0.0275303	0.212283	0.518361
0.0275237	0.212237	0.518358
0.0275141	0.212184	0.518356
0.027499	0.212121	0.518353
0.0274849	0.212056	0.518349
0.0274662	0.211988	0.518346
0.0274539	0.211929	0.518343
0.0274474	0.211876	0.518341
0.0274521	0.211835	0.518338
0.0274724	0.211804	0.518335
0.0274965	0.21178	0.518333
0.0275293	0.211762	0.518331
0.0275552	0.211747	0.518329
0.0275822	0.211725	0.518326
0.0276037	0.211702	0.518324
0.0276151	0.211667	0.518322
0.0276255	0.211627	0.518319
0.0276384	0.211587	0.518316
0.0276558	0.21155	0.518314
0.0276805	0.211517	0.518311
0.0277149	0.211489	0.518308
0.0277572	0.211463	0.518305
0.0278075	0.211437	0.518301
0.0278597	0.211413	0.518297
0.027915	0.211381	0.518293
0.0279683	0.211354	0.518289
0.0280195	0.211323	0.518285
0.0280682	0.211289	0.518281
0.0281238	0.211255	0.518277
0.0281839	0.211218	0.518272
0.0282528	0.211175	0.518266
0.0283323	0.211123	0.51826
0.0284272	0.211069	0.518252
0.0285311	0.21101	0.518244
0.0286403	0.210945	0.518235
0.0287595	0.21088	0.518225
0.0288807	0.210812	0.518215
0.0289981	0.210747	0.518206
0.029109	0.210685	0.518197
0.0292095	0.21062	0.518188
0.029312	0.210554	0.518179
0.0294147	0.210482	0.51817
0.0295171	0.210401	0.51816
0.0296249	0.21031	0.518149
0.029734	0.210207	0.518137
0.02985	0.210096	0.518124
0.0299625	0.209981	0.518111
0.0300692	0.209868	0.518099
0.0301743	0.209761	0.518087
0.0302709	0.209659	0.518075
0.0303648	0.209566	0.518065
0.0304552	0.209481	0.518055
0.0305456	0.209405	0.518046
0.030623	0.209336	0.518037
0.0306902	0.209274	0.51803
0.0307794	0.209374	0.518033
0.0308529	0.209481	0.518037
0.0309031	0.209586	0.518042
0.0309266	0.209694	0.518048
0.030927	0.209802	0.518056
0.030907	0.209916	0.518066
0.0308724	0.210031	0.518076
0.0308321	0.210152	0.518086
0.0307902	0.210283	0.518098
0.0307543	0.210428	0.51811
0.0307176	0.210591	0.518123
0.0306824	0.210766	0.518136
0.0306457	0.210955	0.518151
0.0306012	0.211152	0.518166
0.0305512	0.211359	0.518182
0.0304868	0.211569	0.518199
0.0304162	0.211785	0.518217
0.0303392	0.212004	0.518235
0.0302555	0.212224	0.518253
0.0301718	0.212448	0.518271
0.030088	0.212676	0.51829
0.0300042	0.212909	0.518308
0.0299295	0.213149	0.518327
0.0298763	0.213387	0.518344
0.0298383	0.213633	0.51836
0.0297884	0.21373	0.518368
0.0297562	0.213831	0.518376
0.0297432	0.213937	0.518383
0.0297473	0.214044	0.518388
0.0297608	0.214152	0.518394
0.0297857	0.214252	0.518398
0.0298162	0.214343	0.518401
0.0298588	0.214425	0.518404
0.029905	0.214496	0.518405
0.0299644	0.214552	0.518404
0.0300349	0.214594	0.518403
0.0301137	0.21463	0.5184
0.0301972	0.214659	0.518397
0.0302858	0.214683	0.518393
0.0303806	0.214701	0.518389
0.0304829	0.214721	0.518384
0.0305865	0.214742	0.518379
0.0306984	0.214755	0.518373
0.0308113	0.214765	0.518367
0.0309279	0.214774	0.51836
0.0310497	0.214774	0.518353
0.0311746	0.214762	0.518345
0.0312953	0.214738	0.518337
0.0314041	0.214707	0.518328
0.0315054	0.214654	0.518319
0.0315887	0.214594	0.518311
0.0316614	0.214524	0.518302
0.0317173	0.214451	0.518294
0.0317669	0.214375	0.518287
0.0318063	0.214292	0.51828
0.0318384	0.214206	0.518273
0.0318584	0.214123	0.518266
0.0318724	0.214031	0.51826
0.0318762	0.213936	0.518254
0.0318585	0.213838	0.518249
0.0318229	0.213737	0.518245
0.0317664	0.213624	0.518242
0.0316968	0.213511	0.518239
0.0316133	0.213398	0.518237
0.0315129	0.213289	0.518237
0.0315928	0.213163	0.518224
0.0314701	0.213066	0.518226
0.0313213	0.212844	0.518221
0.0311738	0.212628	0.518216
0.0310277	0.212423	0.518212
0.0308742	0.212225	0.518209
0.0307149	0.212044	0.518207
0.030558	0.211871	0.518204
0.0304048	0.211716	0.518203
0.0302467	0.211588	0.518204
0.0300951	0.211482	0.518205
0.0299449	0.2114	0.518207
0.0298086	0.211342	0.518211
0.0296821	0.211302	0.518214
0.0297372	0.211248	0.518207
0.0295235	0.211249	0.518218
0.029308	0.211265	0.518231
0.0289264	0.211341	0.518255
0.0285538	0.21143	0.51828
0.0281971	0.211539	0.518305
0.0278508	0.211668	0.51833
0.0278187	0.211781	0.518337
0.0278003	0.211907	0.518345
0.0278005	0.212052	0.518352
0.0278206	0.212213	0.518359
0.0276634	0.212403	0.518378
0.027716	0.212567	0.518383
0.0278006	0.212865	0.518395
0.0278956	0.213169	0.518407
0.0279899	0.213475	0.518419
0.0280931	0.213787	0.51843
0.0282051	0.214092	0.51844
0.0283156	0.214401	0.51845
0.0284257	0.214707	0.51846
0.0285388	0.215002	0.518469
0.0286525	0.215285	0.518477
0.0289385	0.215526	0.518474
0.0292126	0.21575	0.518469
0.0294794	0.215967	0.518465
0.0295634	0.216208	0.518471
0.0299208	0.216406	0.51846
0.0300174	0.216642	0.518466
0.030275	0.216834	0.51846
0.0303729	0.217046	0.518464
0.030464	0.217242	0.518467
0.0305497	0.217427	0.518471
0.0303325	0.217643	0.518493
0.0301057	0.217845	0.518515
0.0301786	0.217986	0.518517
0.0302497	0.218107	0.518518
0.0303207	0.218217	0.518518
0.0303834	0.218314	0.518518
0.0304384	0.218407	0.518519
0.0304889	0.218488	0.518519
0.0305465	0.218557	0.518518
0.0306113	0.218616	0.518517
0.0306845	0.218671	0.518515
0.0307648	0.218726	0.518512
0.0308582	0.218778	0.518509
0.0309665	0.218832	0.518505
0.0310914	0.218886	0.5185
0.031054	0.218967	0.518505
0.0310356	0.219044	0.51851
0.0310246	0.219112	0.518513
0.0310292	0.219174	0.518516
0.0310415	0.219226	0.518517
0.0313397	0.219223	0.518499
0.0316486	0.219213	0.51848
0.0321284	0.219175	0.518449
0.0326189	0.21914	0.518417
0.033123	0.219105	0.518383
0.0336396	0.219067	0.518349
0.0341674	0.219034	0.518313
0.034391	0.219053	0.518299
0.0346082	0.21908	0.518286
0.0348218	0.21911	0.518274
0.0350418	0.219149	0.518261
0.0352594	0.219186	0.518248
0.035478	0.219222	0.518235
0.0356913	0.219254	0.518222
0.0358961	0.219285	0.518209
0.0360914	0.219314	0.518197
0.036275	0.219336	0.518185
0.0364435	0.219355	0.518174
0.0365962	0.21937	0.518163
0.0367272	0.219379	0.518154
0.0368408	0.219388	0.518146
0.0369397	0.219399	0.518139
0.0370247	0.219411	0.518133
0.0371002	0.219428	0.518128
0.0371646	0.219443	0.518124
0.0368931	0.219512	0.518146
0.0366214	0.219585	0.518168
